76
14
96
79
65
32
12
87
30
99
55
2
58
88
22
8
79
7
10
5
16
36
33
43
22
34
76
52
37
75
77
13
90
73
93
56
6
5
43
37
5
98
39
64
87
61
73
66
68
83
72
85
20
6
28
43
41
5
96
78
80
73
92
71
47
85
27
54
91
71
91
96
70
30
61
57
91
34
24
60
18
97
45
39
4
74
82
45
80
78
24
61
52
16
32
0
2
60
54
94
31
46
91
1
76
52
59
68
86
83
29
4
81
75
43
85
49
26
30
30
5
55
91
57
72
24
58
75
84
13
69
15
59
60
17
36
13
76
4
99
60
33
4
41
8
47
27
58
74
58
88
79
13
80
37
85
4
95
60
88
8
29
4
68
90
21
4
3
97
9
3
58
42
7
0
51
55
27
9
29
85
98
8
99
78
45
84
83
41
45
71
50
75
76
18
65
97
23
69
95
32
72
53
75
80
53
26
35
81
36
65
67
34
74
66
13
20
50
96
61
96
68
12
71
44
31
37
42
54
6
38
86
79
91
61
60
45
88
95
27
24
61
94
59
35
60
73
55
11
70
16
7
38
29
78
83
60
15
26
14
22
64
1
1
56
63
62
2
52
57
29
76
19
24
36
54
84
9
9
96
79
26
3
18
55
81
2
16
97
28
31
19
93
32
21
49
96
83
52
48
41
81
25
60
6
62
15
90
71
25
86
51
51
90
69
7
72
72
24
69
1
55
89
94
88
11
44
84
95
96
33
37
78
59
98
84
21
13
75
92
38
62
44
90
52
14
97
24
86
21
94
87
77
84
81
65
95
25
49
90
22
83
27
0
42
25
84
63
39
60
56
77
22
0
67
74
14
65
99
1
87
94
88
64
78
70
30
73
96
79
64
18
63
92
19
5
18
4
69
57
64
25
35
86
26
2
61
41
68
61
42
56
55
30
20
33
1
50
7
97
30
71
16
94
64
35
99
82
39
69
39
3
95
74
90
21
77
52
62
46
13
4
2
69
35
23
2
37
73
10
35
4
82
51
98
46
86
98
29
26
68
69
30
63
43
20
84
21
72
47
67
86
52
70
55
88
93
58
25
67
68
60
71
50
12
70
97
98
69
26
25
37
95
55
1
39
75
86
61
48
33
29
34
86
99
90
74
92
48
0
59
17
60
31
68
72
2
65
71
72
92
96
10
88
52
11
28
28
97
89
76
31
18
11
17
18
2
92
11
50
92
70
67
53
2
35
25
5
1
97
77
93
94
87
81
46
98
9
75
96
99
52
27
18
63
44
36
65
37
47
16
29
18
84
82
21
19
8
26
20
5
3
14
0
90
96
47
89
6
22
85
5
74
12
23
38
57
60
4
94
7
21
24
26
5
6
47
25
15
73
45
21
76
60
21
67
56
69
56
63
91
42
68
66
55
92
5
12
52
9
7
60
30
32
86
36
38
33
61
54
7
7
75
83
67
97
51
24
66
8
87
58
50
56
25
5
49
30
18
1
39
26
62
70
58
48
6
97
82
67
51
89
75
26
73
42
24
25
67
90
33
55
49
83
11
74
89
61
4
7
62
44
33
25
15
91
74
21
88
57
89
39
46
64
66
20
7
90
45
74
81
79
30
30
62
41
5
52
3
9
59
65
53
93
91
68
84
65
90
73
22
80
13
69
45
80
90
53
71
35
28
52
15
58
83
77
0
89
29
3
98
89
69
52
82
60
21
67
25
12
40
48
93
53
17
38
34
8
91
5
43
19
58
58
78
42
36
78
31
66
81
29
56
50
82
38
10
3
6
36
15
46
84
9
0
2
47
34
10
39
40
54
59
98
13
37
40
50
15
71
17
96
1
73
47
83
12
58
86
18
94
2
65
79
11
65
82
59
0
93
99
40
48
58
38
61
96
78
12
11
50
29
8
51
3
56
34
15
14
21
34
8
24
99
88
35
65
70
95
65
64
94
5
12
53
44
74
49
23
86
61
73
16
70
24
20
26
59
36
40
80
70
48
4
69
37
40
34
7
36
0
71
30
5
84
84
50
58
33
73
45
94
46
61
64
71
81
90
30
17
31
11
88
79
16
57
16
57
92
24
93
92
96
24
98
80
8
48
39
42
22
84
36
69
45
1
41
27
92
72
45
23
83
33
3
0
91
20
57
83
45
50
76
42
74
75
23
82
24
62
24
46
46
61
15
92
63
56
20
56
29
65
80
12
98
84
12
89
5
69
73
50
20
50
93
94
25
16
77
49
78
2
96
25
63
12
18
27
68
38
